1,2,23,22,316,317,318,319,
2,3,24,23,320,321,322,317,
3,4,25,24,323,324,325,321,
4,5,26,25,326,327,328,324,
5,6,27,26,329,330,331,327,
6,7,28,27,332,333,334,330,
7,8,29,28,335,336,337,333,
8,9,30,29,338,339,340,336,
9,10,31,30,341,342,343,339,
10,11,32,31,344,345,346,342,
11,12,33,32,347,348,349,345,
12,13,34,33,350,351,352,348,
13,14,35,34,353,354,355,351,
14,15,36,35,356,357,358,354,
15,16,37,36,359,360,361,357,
16,17,38,37,362,363,364,360,
17,18,39,38,365,366,367,363,
18,19,40,39,368,369,370,366,
19,20,41,40,371,372,373,369,
20,21,42,41,374,375,376,372,
22,23,44,43,318,377,378,379,
23,24,45,44,322,380,381,377,
24,25,46,45,325,382,383,380,
25,26,47,46,328,384,385,382,
26,27,48,47,331,386,387,384,
27,28,49,48,334,388,389,386,
28,29,50,49,337,390,391,388,
29,30,51,50,340,392,393,390,
30,31,52,51,343,394,395,392,
31,32,53,52,346,396,397,394,
32,33,54,53,349,398,399,396,
33,34,55,54,352,400,401,398,
34,35,56,55,355,402,403,400,
35,36,57,56,358,404,405,402,
36,37,58,57,361,406,407,404,
37,38,59,58,364,408,409,406,
38,39,60,59,367,410,411,408,
39,40,61,60,370,412,413,410,
40,41,62,61,373,414,415,412,
41,42,63,62,376,416,417,414,
43,44,65,64,378,418,419,420,
44,45,66,65,381,421,422,418,
45,46,67,66,383,423,424,421,
46,47,68,67,385,425,426,423,
47,48,69,68,387,427,428,425,
48,49,70,69,389,429,430,427,
49,50,71,70,391,431,432,429,
50,51,72,71,393,433,434,431,
51,52,73,72,395,435,436,433,
52,53,74,73,397,437,438,435,
53,54,75,74,399,439,440,437,
54,55,76,75,401,441,442,439,
55,56,77,76,403,443,444,441,
56,57,78,77,405,445,446,443,
57,58,79,78,407,447,448,445,
58,59,80,79,409,449,450,447,
59,60,81,80,411,451,452,449,
60,61,82,81,413,453,454,451,
61,62,83,82,415,455,456,453,
62,63,84,83,417,457,458,455,
64,65,86,85,419,459,460,461,
65,66,87,86,422,462,463,459,
66,67,88,87,424,464,465,462,
67,68,89,88,426,466,467,464,
68,69,90,89,428,468,469,466,
69,70,91,90,430,470,471,468,
70,71,92,91,432,472,473,470,
71,72,93,92,434,474,475,472,
72,73,94,93,436,476,477,474,
73,74,95,94,438,478,479,476,
74,75,96,95,440,480,481,478,
75,76,97,96,442,482,483,480,
76,77,98,97,444,484,485,482,
77,78,99,98,446,486,487,484,
78,79,100,99,448,488,489,486,
79,80,101,100,450,490,491,488,
80,81,102,101,452,492,493,490,
81,82,103,102,454,494,495,492,
82,83,104,103,456,496,497,494,
83,84,105,104,458,498,499,496,
85,86,107,106,460,500,501,502,
86,87,108,107,463,503,504,500,
87,88,109,108,465,505,506,503,
88,89,110,109,467,507,508,505,
89,90,111,110,469,509,510,507,
90,91,112,111,471,511,512,509,
91,92,113,112,473,513,514,511,
92,93,114,113,475,515,516,513,
93,94,115,114,477,517,518,515,
94,95,116,115,479,519,520,517,
95,96,117,116,481,521,522,519,
96,97,118,117,483,523,524,521,
97,98,119,118,485,525,526,523,
98,99,120,119,487,527,528,525,
99,100,121,120,489,529,530,527,
100,101,122,121,491,531,532,529,
101,102,123,122,493,533,534,531,
102,103,124,123,495,535,536,533,
103,104,125,124,497,537,538,535,
104,105,126,125,499,539,540,537,
106,107,128,127,501,541,542,543,
107,108,129,128,504,544,545,541,
108,109,130,129,506,546,547,544,
109,110,131,130,508,548,549,546,
110,111,132,131,510,550,551,548,
111,112,133,132,512,552,553,550,
112,113,134,133,514,554,555,552,
113,114,135,134,516,556,557,554,
114,115,136,135,518,558,559,556,
115,116,137,136,520,560,561,558,
116,117,138,137,522,562,563,560,
117,118,139,138,524,564,565,562,
118,119,140,139,526,566,567,564,
119,120,141,140,528,568,569,566,
120,121,142,141,530,570,571,568,
121,122,143,142,532,572,573,570,
122,123,144,143,534,574,575,572,
123,124,145,144,536,576,577,574,
124,125,146,145,538,578,579,576,
125,126,147,146,540,580,581,578,
127,128,149,148,542,582,583,584,
128,129,150,149,545,585,586,582,
129,130,151,150,547,587,588,585,
130,131,152,151,549,589,590,587,
131,132,153,152,551,591,592,589,
132,133,154,153,553,593,594,591,
133,134,155,154,555,595,596,593,
134,135,156,155,557,597,598,595,
135,136,157,156,559,599,600,597,
136,137,158,157,561,601,602,599,
137,138,159,158,563,603,604,601,
138,139,160,159,565,605,606,603,
139,140,161,160,567,607,608,605,
140,141,162,161,569,609,610,607,
141,142,163,162,571,611,612,609,
142,143,164,163,573,613,614,611,
143,144,165,164,575,615,616,613,
144,145,166,165,577,617,618,615,
145,146,167,166,579,619,620,617,
146,147,168,167,581,621,622,619,
148,149,170,169,583,623,624,625,
149,150,171,170,586,626,627,623,
150,151,172,171,588,628,629,626,
151,152,173,172,590,630,631,628,
152,153,174,173,592,632,633,630,
153,154,175,174,594,634,635,632,
154,155,176,175,596,636,637,634,
155,156,177,176,598,638,639,636,
156,157,178,177,600,640,641,638,
157,158,179,178,602,642,643,640,
158,159,180,179,604,644,645,642,
159,160,181,180,606,646,647,644,
160,161,182,181,608,648,649,646,
161,162,183,182,610,650,651,648,
162,163,184,183,612,652,653,650,
163,164,185,184,614,654,655,652,
164,165,186,185,616,656,657,654,
165,166,187,186,618,658,659,656,
166,167,188,187,620,660,661,658,
167,168,189,188,622,662,663,660,
169,170,191,190,624,664,665,666,
170,171,192,191,627,667,668,664,
171,172,193,192,629,669,670,667,
172,173,194,193,631,671,672,669,
173,174,195,194,633,673,674,671,
174,175,196,195,635,675,676,673,
175,176,197,196,637,677,678,675,
176,177,198,197,639,679,680,677,
177,178,199,198,641,681,682,679,
178,179,200,199,643,683,684,681,
179,180,201,200,645,685,686,683,
180,181,202,201,647,687,688,685,
181,182,203,202,649,689,690,687,
182,183,204,203,651,691,692,689,
183,184,205,204,653,693,694,691,
184,185,206,205,655,695,696,693,
185,186,207,206,657,697,698,695,
186,187,208,207,659,699,700,697,
187,188,209,208,661,701,702,699,
188,189,210,209,663,703,704,701,
190,191,212,211,665,705,706,707,
191,192,213,212,668,708,709,705,
192,193,214,213,670,710,711,708,
193,194,215,214,672,712,713,710,
194,195,216,215,674,714,715,712,
195,196,217,216,676,716,717,714,
196,197,218,217,678,718,719,716,
197,198,219,218,680,720,721,718,
198,199,220,219,682,722,723,720,
199,200,221,220,684,724,725,722,
200,201,222,221,686,726,727,724,
201,202,223,222,688,728,729,726,
202,203,224,223,690,730,731,728,
203,204,225,224,692,732,733,730,
204,205,226,225,694,734,735,732,
205,206,227,226,696,736,737,734,
206,207,228,227,698,738,739,736,
207,208,229,228,700,740,741,738,
208,209,230,229,702,742,743,740,
209,210,231,230,704,744,745,742,
211,212,233,232,706,746,747,748,
212,213,234,233,709,749,750,746,
213,214,235,234,711,751,752,749,
214,215,236,235,713,753,754,751,
215,216,237,236,715,755,756,753,
216,217,238,237,717,757,758,755,
217,218,239,238,719,759,760,757,
218,219,240,239,721,761,762,759,
219,220,241,240,723,763,764,761,
220,221,242,241,725,765,766,763,
221,222,243,242,727,767,768,765,
222,223,244,243,729,769,770,767,
223,224,245,244,731,771,772,769,
224,225,246,245,733,773,774,771,
225,226,247,246,735,775,776,773,
226,227,248,247,737,777,778,775,
227,228,249,248,739,779,780,777,
228,229,250,249,741,781,782,779,
229,230,251,250,743,783,784,781,
230,231,252,251,745,785,786,783,
232,233,254,253,747,787,788,789,
233,234,255,254,750,790,791,787,
234,235,256,255,752,792,793,790,
235,236,257,256,754,794,795,792,
236,237,258,257,756,796,797,794,
237,238,259,258,758,798,799,796,
238,239,260,259,760,800,801,798,
239,240,261,260,762,802,803,800,
240,241,262,261,764,804,805,802,
241,242,263,262,766,806,807,804,
242,243,264,263,768,808,809,806,
243,244,265,264,770,810,811,808,
244,245,266,265,772,812,813,810,
245,246,267,266,774,814,815,812,
246,247,268,267,776,816,817,814,
247,248,269,268,778,818,819,816,
248,249,270,269,780,820,821,818,
249,250,271,270,782,822,823,820,
250,251,272,271,784,824,825,822,
251,252,273,272,786,826,827,824,
253,254,275,274,788,828,829,830,
254,255,276,275,791,831,832,828,
255,256,277,276,793,833,834,831,
256,257,278,277,795,835,836,833,
257,258,279,278,797,837,838,835,
258,259,280,279,799,839,840,837,
259,260,281,280,801,841,842,839,
260,261,282,281,803,843,844,841,
261,262,283,282,805,845,846,843,
262,263,284,283,807,847,848,845,
263,264,285,284,809,849,850,847,
264,265,286,285,811,851,852,849,
265,266,287,286,813,853,854,851,
266,267,288,287,815,855,856,853,
267,268,289,288,817,857,858,855,
268,269,290,289,819,859,860,857,
269,270,291,290,821,861,862,859,
270,271,292,291,823,863,864,861,
271,272,293,292,825,865,866,863,
272,273,294,293,827,867,868,865,
274,275,296,295,829,869,870,871,
275,276,297,296,832,872,873,869,
276,277,298,297,834,874,875,872,
277,278,299,298,836,876,877,874,
278,279,300,299,838,878,879,876,
279,280,301,300,840,880,881,878,
280,281,302,301,842,882,883,880,
281,282,303,302,844,884,885,882,
282,283,304,303,846,886,887,884,
283,284,305,304,848,888,889,886,
284,285,306,305,850,890,891,888,
285,286,307,306,852,892,893,890,
286,287,308,307,854,894,895,892,
287,288,309,308,856,896,897,894,
288,289,310,309,858,898,899,896,
289,290,311,310,860,900,901,898,
290,291,312,311,862,902,903,900,
291,292,313,312,864,904,905,902,
292,293,314,313,866,906,907,904,
293,294,315,314,868,908,909,906,

