*NODE START
0,0,
0.25,0,
0.5,0,
0.75,0,
1,0,
1.25,0,
1.5,0,
1.75,0,
2,0,
2.25,0,
2.5,0,
2.75,0,
3,0,
3.25,0,
3.5,0,
3.75,0,
4,0,
4.25,0,
4.5,0,
4.75,0,
5,0,
0,0.25,
0.25,0.25,
0.5,0.25,
0.75,0.25,
1,0.25,
1.25,0.25,
1.5,0.25,
1.75,0.25,
2,0.25,
2.25,0.25,
2.5,0.25,
2.75,0.25,
3,0.25,
3.25,0.25,
3.5,0.25,
3.75,0.25,
4,0.25,
4.25,0.25,
4.5,0.25,
4.75,0.25,
5,0.25,
0,0.5,
0.25,0.5,
0.5,0.5,
0.75,0.5,
1,0.5,
1.25,0.5,
1.5,0.5,
1.75,0.5,
2,0.5,
2.25,0.5,
2.5,0.5,
2.75,0.5,
3,0.5,
3.25,0.5,
3.5,0.5,
3.75,0.5,
4,0.5,
4.25,0.5,
4.5,0.5,
4.75,0.5,
5,0.5,
0,0.75,
0.25,0.75,
0.5,0.75,
0.75,0.75,
1,0.75,
1.25,0.75,
1.5,0.75,
1.75,0.75,
2,0.75,
2.25,0.75,
2.5,0.75,
2.75,0.75,
3,0.75,
3.25,0.75,
3.5,0.75,
3.75,0.75,
4,0.75,
4.25,0.75,
4.5,0.75,
4.75,0.75,
5,0.75,
0,1,
0.25,1,
0.5,1,
0.75,1,
1,1,
1.25,1,
1.5,1,
1.75,1,
2,1,
2.25,1,
2.5,1,
2.75,1,
3,1,
3.25,1,
3.5,1,
3.75,1,
4,1,
4.25,1,
4.5,1,
4.75,1,
5,1,
0,1.25,
0.25,1.25,
0.5,1.25,
0.75,1.25,
1,1.25,
1.25,1.25,
1.5,1.25,
1.75,1.25,
2,1.25,
2.25,1.25,
2.5,1.25,
2.75,1.25,
3,1.25,
3.25,1.25,
3.5,1.25,
3.75,1.25,
4,1.25,
4.25,1.25,
4.5,1.25,
4.75,1.25,
5,1.25,
0,1.5,
0.25,1.5,
0.5,1.5,
0.75,1.5,
1,1.5,
1.25,1.5,
1.5,1.5,
1.75,1.5,
2,1.5,
2.25,1.5,
2.5,1.5,
2.75,1.5,
3,1.5,
3.25,1.5,
3.5,1.5,
3.75,1.5,
4,1.5,
4.25,1.5,
4.5,1.5,
4.75,1.5,
5,1.5,
0,1.75,
0.25,1.75,
0.5,1.75,
0.75,1.75,
1,1.75,
1.25,1.75,
1.5,1.75,
1.75,1.75,
2,1.75,
2.25,1.75,
2.5,1.75,
2.75,1.75,
3,1.75,
3.25,1.75,
3.5,1.75,
3.75,1.75,
4,1.75,
4.25,1.75,
4.5,1.75,
4.75,1.75,
5,1.75,
0,2,
0.25,2,
0.5,2,
0.75,2,
1,2,
1.25,2,
1.5,2,
1.75,2,
2,2,
2.25,2,
2.5,2,
2.75,2,
3,2,
3.25,2,
3.5,2,
3.75,2,
4,2,
4.25,2,
4.5,2,
4.75,2,
5,2,
0,2.25,
0.25,2.25,
0.5,2.25,
0.75,2.25,
1,2.25,
1.25,2.25,
1.5,2.25,
1.75,2.25,
2,2.25,
2.25,2.25,
2.5,2.25,
2.75,2.25,
3,2.25,
3.25,2.25,
3.5,2.25,
3.75,2.25,
4,2.25,
4.25,2.25,
4.5,2.25,
4.75,2.25,
5,2.25,
0,2.5,
0.25,2.5,
0.5,2.5,
0.75,2.5,
1,2.5,
1.25,2.5,
1.5,2.5,
1.75,2.5,
2,2.5,
2.25,2.5,
2.5,2.5,
2.75,2.5,
3,2.5,
3.25,2.5,
3.5,2.5,
3.75,2.5,
4,2.5,
4.25,2.5,
4.5,2.5,
4.75,2.5,
5,2.5,
0,2.75,
0.25,2.75,
0.5,2.75,
0.75,2.75,
1,2.75,
1.25,2.75,
1.5,2.75,
1.75,2.75,
2,2.75,
2.25,2.75,
2.5,2.75,
2.75,2.75,
3,2.75,
3.25,2.75,
3.5,2.75,
3.75,2.75,
4,2.75,
4.25,2.75,
4.5,2.75,
4.75,2.75,
5,2.75,
0,3,
0.25,3,
0.5,3,
0.75,3,
1,3,
1.25,3,
1.5,3,
1.75,3,
2,3,
2.25,3,
2.5,3,
2.75,3,
3,3,
3.25,3,
3.5,3,
3.75,3,
4,3,
4.25,3,
4.5,3,
4.75,3,
5,3,
0,3.25,
0.25,3.25,
0.5,3.25,
0.75,3.25,
1,3.25,
1.25,3.25,
1.5,3.25,
1.75,3.25,
2,3.25,
2.25,3.25,
2.5,3.25,
2.75,3.25,
3,3.25,
3.25,3.25,
3.5,3.25,
3.75,3.25,
4,3.25,
4.25,3.25,
4.5,3.25,
4.75,3.25,
5,3.25,
0,3.5,
0.25,3.5,
0.5,3.5,
0.75,3.5,
1,3.5,
1.25,3.5,
1.5,3.5,
1.75,3.5,
2,3.5,
2.25,3.5,
2.5,3.5,
2.75,3.5,
3,3.5,
3.25,3.5,
3.5,3.5,
3.75,3.5,
4,3.5,
4.25,3.5,
4.5,3.5,
4.75,3.5,
5,3.5,
*NODE END
*INTEGRATION POINTS = 1
*ELEMENT START
1,1,2,23,
2,23,22,1,
3,2,3,24,
4,24,23,2,
5,3,4,25,
6,25,24,3,
7,4,5,26,
8,26,25,4,
9,5,6,27,
10,27,26,5,
11,6,7,28,
12,28,27,6,
13,7,8,29,
14,29,28,7,
15,8,9,30,
16,30,29,8,
17,9,10,31,
18,31,30,9,
19,10,11,32,
20,32,31,10,
21,11,12,33,
22,33,32,11,
23,12,13,34,
24,34,33,12,
25,13,14,35,
26,35,34,13,
27,14,15,36,
28,36,35,14,
29,15,16,37,
30,37,36,15,
31,16,17,38,
32,38,37,16,
33,17,18,39,
34,39,38,17,
35,18,19,40,
36,40,39,18,
37,19,20,41,
38,41,40,19,
39,20,21,42,
40,42,41,20,
41,22,23,44,
42,44,43,22,
43,23,24,45,
44,45,44,23,
45,24,25,46,
46,46,45,24,
47,25,26,47,
48,47,46,25,
49,26,27,48,
50,48,47,26,
51,27,28,49,
52,49,48,27,
53,28,29,50,
54,50,49,28,
55,29,30,51,
56,51,50,29,
57,30,31,52,
58,52,51,30,
59,31,32,53,
60,53,52,31,
61,32,33,54,
62,54,53,32,
63,33,34,55,
64,55,54,33,
65,34,35,56,
66,56,55,34,
67,35,36,57,
68,57,56,35,
69,36,37,58,
70,58,57,36,
71,37,38,59,
72,59,58,37,
73,38,39,60,
74,60,59,38,
75,39,40,61,
76,61,60,39,
77,40,41,62,
78,62,61,40,
79,41,42,63,
80,63,62,41,
81,43,44,65,
82,65,64,43,
83,44,45,66,
84,66,65,44,
85,45,46,67,
86,67,66,45,
87,46,47,68,
88,68,67,46,
89,47,48,69,
90,69,68,47,
91,48,49,70,
92,70,69,48,
93,49,50,71,
94,71,70,49,
95,50,51,72,
96,72,71,50,
97,51,52,73,
98,73,72,51,
99,52,53,74,
100,74,73,52,
101,53,54,75,
102,75,74,53,
103,54,55,76,
104,76,75,54,
105,55,56,77,
106,77,76,55,
107,56,57,78,
108,78,77,56,
109,57,58,79,
110,79,78,57,
111,58,59,80,
112,80,79,58,
113,59,60,81,
114,81,80,59,
115,60,61,82,
116,82,81,60,
117,61,62,83,
118,83,82,61,
119,62,63,84,
120,84,83,62,
121,64,65,86,
122,86,85,64,
123,65,66,87,
124,87,86,65,
125,66,67,88,
126,88,87,66,
127,67,68,89,
128,89,88,67,
129,68,69,90,
130,90,89,68,
131,69,70,91,
132,91,90,69,
133,70,71,92,
134,92,91,70,
135,71,72,93,
136,93,92,71,
137,72,73,94,
138,94,93,72,
139,73,74,95,
140,95,94,73,
141,74,75,96,
142,96,95,74,
143,75,76,97,
144,97,96,75,
145,76,77,98,
146,98,97,76,
147,77,78,99,
148,99,98,77,
149,78,79,100,
150,100,99,78,
151,79,80,101,
152,101,100,79,
153,80,81,102,
154,102,101,80,
155,81,82,103,
156,103,102,81,
157,82,83,104,
158,104,103,82,
159,83,84,105,
160,105,104,83,
161,85,86,107,
162,107,106,85,
163,86,87,108,
164,108,107,86,
165,87,88,109,
166,109,108,87,
167,88,89,110,
168,110,109,88,
169,89,90,111,
170,111,110,89,
171,90,91,112,
172,112,111,90,
173,91,92,113,
174,113,112,91,
175,92,93,114,
176,114,113,92,
177,93,94,115,
178,115,114,93,
179,94,95,116,
180,116,115,94,
181,95,96,117,
182,117,116,95,
183,96,97,118,
184,118,117,96,
185,97,98,119,
186,119,118,97,
187,98,99,120,
188,120,119,98,
189,99,100,121,
190,121,120,99,
191,100,101,122,
192,122,121,100,
193,101,102,123,
194,123,122,101,
195,102,103,124,
196,124,123,102,
197,103,104,125,
198,125,124,103,
199,104,105,126,
200,126,125,104,
201,106,107,128,
202,128,127,106,
203,107,108,129,
204,129,128,107,
205,108,109,130,
206,130,129,108,
207,109,110,131,
208,131,130,109,
209,110,111,132,
210,132,131,110,
211,111,112,133,
212,133,132,111,
213,112,113,134,
214,134,133,112,
215,113,114,135,
216,135,134,113,
217,114,115,136,
218,136,135,114,
219,115,116,137,
220,137,136,115,
221,116,117,138,
222,138,137,116,
223,117,118,139,
224,139,138,117,
225,118,119,140,
226,140,139,118,
227,119,120,141,
228,141,140,119,
229,120,121,142,
230,142,141,120,
231,121,122,143,
232,143,142,121,
233,122,123,144,
234,144,143,122,
235,123,124,145,
236,145,144,123,
237,124,125,146,
238,146,145,124,
239,125,126,147,
240,147,146,125,
241,127,128,149,
242,149,148,127,
243,128,129,150,
244,150,149,128,
245,129,130,151,
246,151,150,129,
247,130,131,152,
248,152,151,130,
249,131,132,153,
250,153,152,131,
251,132,133,154,
252,154,153,132,
253,133,134,155,
254,155,154,133,
255,134,135,156,
256,156,155,134,
257,135,136,157,
258,157,156,135,
259,136,137,158,
260,158,157,136,
261,137,138,159,
262,159,158,137,
263,138,139,160,
264,160,159,138,
265,139,140,161,
266,161,160,139,
267,140,141,162,
268,162,161,140,
269,141,142,163,
270,163,162,141,
271,142,143,164,
272,164,163,142,
273,143,144,165,
274,165,164,143,
275,144,145,166,
276,166,165,144,
277,145,146,167,
278,167,166,145,
279,146,147,168,
280,168,167,146,
281,148,149,170,
282,170,169,148,
283,149,150,171,
284,171,170,149,
285,150,151,172,
286,172,171,150,
287,151,152,173,
288,173,172,151,
289,152,153,174,
290,174,173,152,
291,153,154,175,
292,175,174,153,
293,154,155,176,
294,176,175,154,
295,155,156,177,
296,177,176,155,
297,156,157,178,
298,178,177,156,
299,157,158,179,
300,179,178,157,
301,158,159,180,
302,180,179,158,
303,159,160,181,
304,181,180,159,
305,160,161,182,
306,182,181,160,
307,161,162,183,
308,183,182,161,
309,162,163,184,
310,184,183,162,
311,163,164,185,
312,185,184,163,
313,164,165,186,
314,186,185,164,
315,165,166,187,
316,187,186,165,
317,166,167,188,
318,188,187,166,
319,167,168,189,
320,189,188,167,
321,169,170,191,
322,191,190,169,
323,170,171,192,
324,192,191,170,
325,171,172,193,
326,193,192,171,
327,172,173,194,
328,194,193,172,
329,173,174,195,
330,195,194,173,
331,174,175,196,
332,196,195,174,
333,175,176,197,
334,197,196,175,
335,176,177,198,
336,198,197,176,
337,177,178,199,
338,199,198,177,
339,178,179,200,
340,200,199,178,
341,179,180,201,
342,201,200,179,
343,180,181,202,
344,202,201,180,
345,181,182,203,
346,203,202,181,
347,182,183,204,
348,204,203,182,
349,183,184,205,
350,205,204,183,
351,184,185,206,
352,206,205,184,
353,185,186,207,
354,207,206,185,
355,186,187,208,
356,208,207,186,
357,187,188,209,
358,209,208,187,
359,188,189,210,
360,210,209,188,
361,190,191,212,
362,212,211,190,
363,191,192,213,
364,213,212,191,
365,192,193,214,
366,214,213,192,
367,193,194,215,
368,215,214,193,
369,194,195,216,
370,216,215,194,
371,195,196,217,
372,217,216,195,
373,196,197,218,
374,218,217,196,
375,197,198,219,
376,219,218,197,
377,198,199,220,
378,220,219,198,
379,199,200,221,
380,221,220,199,
381,200,201,222,
382,222,221,200,
383,201,202,223,
384,223,222,201,
385,202,203,224,
386,224,223,202,
387,203,204,225,
388,225,224,203,
389,204,205,226,
390,226,225,204,
391,205,206,227,
392,227,226,205,
393,206,207,228,
394,228,227,206,
395,207,208,229,
396,229,228,207,
397,208,209,230,
398,230,229,208,
399,209,210,231,
400,231,230,209,
401,211,212,233,
402,233,232,211,
403,212,213,234,
404,234,233,212,
405,213,214,235,
406,235,234,213,
407,214,215,236,
408,236,235,214,
409,215,216,237,
410,237,236,215,
411,216,217,238,
412,238,237,216,
413,217,218,239,
414,239,238,217,
415,218,219,240,
416,240,239,218,
417,219,220,241,
418,241,240,219,
419,220,221,242,
420,242,241,220,
421,221,222,243,
422,243,242,221,
423,222,223,244,
424,244,243,222,
425,223,224,245,
426,245,244,223,
427,224,225,246,
428,246,245,224,
429,225,226,247,
430,247,246,225,
431,226,227,248,
432,248,247,226,
433,227,228,249,
434,249,248,227,
435,228,229,250,
436,250,249,228,
437,229,230,251,
438,251,250,229,
439,230,231,252,
440,252,251,230,
441,232,233,254,
442,254,253,232,
443,233,234,255,
444,255,254,233,
445,234,235,256,
446,256,255,234,
447,235,236,257,
448,257,256,235,
449,236,237,258,
450,258,257,236,
451,237,238,259,
452,259,258,237,
453,238,239,260,
454,260,259,238,
455,239,240,261,
456,261,260,239,
457,240,241,262,
458,262,261,240,
459,241,242,263,
460,263,262,241,
461,242,243,264,
462,264,263,242,
463,243,244,265,
464,265,264,243,
465,244,245,266,
466,266,265,244,
467,245,246,267,
468,267,266,245,
469,246,247,268,
470,268,267,246,
471,247,248,269,
472,269,268,247,
473,248,249,270,
474,270,269,248,
475,249,250,271,
476,271,270,249,
477,250,251,272,
478,272,271,250,
479,251,252,273,
480,273,272,251,
481,253,254,275,
482,275,274,253,
483,254,255,276,
484,276,275,254,
485,255,256,277,
486,277,276,255,
487,256,257,278,
488,278,277,256,
489,257,258,279,
490,279,278,257,
491,258,259,280,
492,280,279,258,
493,259,260,281,
494,281,280,259,
495,260,261,282,
496,282,281,260,
497,261,262,283,
498,283,282,261,
499,262,263,284,
500,284,283,262,
501,263,264,285,
502,285,284,263,
503,264,265,286,
504,286,285,264,
505,265,266,287,
506,287,286,265,
507,266,267,288,
508,288,287,266,
509,267,268,289,
510,289,288,267,
511,268,269,290,
512,290,289,268,
513,269,270,291,
514,291,290,269,
515,270,271,292,
516,292,291,270,
517,271,272,293,
518,293,292,271,
519,272,273,294,
520,294,293,272,
521,274,275,296,
522,296,295,274,
523,275,276,297,
524,297,296,275,
525,276,277,298,
526,298,297,276,
527,277,278,299,
528,299,298,277,
529,278,279,300,
530,300,299,278,
531,279,280,301,
532,301,300,279,
533,280,281,302,
534,302,301,280,
535,281,282,303,
536,303,302,281,
537,282,283,304,
538,304,303,282,
539,283,284,305,
540,305,304,283,
541,284,285,306,
542,306,305,284,
543,285,286,307,
544,307,306,285,
545,286,287,308,
546,308,307,286,
547,287,288,309,
548,309,308,287,
549,288,289,310,
550,310,309,288,
551,289,290,311,
552,311,310,289,
553,290,291,312,
554,312,311,290,
555,291,292,313,
556,313,312,291,
557,292,293,314,
558,314,313,292,
559,293,294,315,
560,315,314,293,
*ELEMENT END
*RESULT START
*FRAME START
*TIME =0
*U START
0,0,0,0,0,0,0,0,0,0,0,0,0,0,0,0,0,0,0,0,0,0,0,0,0,0,0,0,0,0,0,0,0,0,0,0,0,0,0,0,0,0,0,0,0,0,0,0,0,0,0,0,0,0,0,0,0,0,0,0,0,0,0,0,0,0,0,0,0,0,0,0,0,0,0,0,0,0,0,0,0,0,0,0,0,0,0,0,0,0,0,0,0,0,0,0,0,0,0,0,0,0,0,0,0,0,0,0,0,0,0,0,0,0,0,0,0,0,0,0,0,0,0,0,0,0,0,0,0,0,0,0,0,0,0,0,0,0,0,0,0,0,0,0,0,0,0,0,0,0,0,0,0,0,0,0,0,0,0,0,0,0,0,0,0,0,0,0,0,0,0,0,0,0,0,0,0,0,0,0,0,0,0,0,0,0,0,0,0,0,0,0,0,0,0,0,0,0,0,0,0,0,0,0,0,0,0,0,0,0,0,0,0,0,0,0,0,0,0,0,0,0,0,0,0,0,0,0,0,0,0,0,0,0,0,0,0,0,0,0,0,0,0,0,0,0,0,0,0,0,0,0,0,0,0,0,0,0,0,0,0,0,0,0,0,0,0,0,0,0,0,0,0,0,0,0,0,0,0,0,0,0,0,0,0,0,0,0,0,0,0,0,0,0,0,0,0,0,0,0,0,0,0,0,0,0,0,0,0,0,0,0,0,0,0,0,0,0,0,0,0,0,0,0,0,0,0,0,0,0,0,0,0,0,0,0,0,0,0,0,0,0,0,0,0,0,0,0,0,0,0,0,0,0,0,0,0,0,0,0,0,0,0,0,0,0,0,0,0,0,0,0,0,0,0,0,0,0,0,0,0,0,0,0,0,0,0,0,0,0,0,0,0,0,0,0,0,0,0,0,0,0,0,0,0,0,0,0,0,0,0,0,0,0,0,0,0,0,0,0,0,0,0,0,0,0,0,0,0,0,0,0,0,0,0,0,0,0,0,0,0,0,0,0,0,0,0,0,0,0,0,0,0,0,0,0,0,0,0,0,0,0,0,0,0,0,0,0,0,0,0,0,0,0,0,0,0,0,0,0,0,0,0,0,0,0,0,0,0,0,0,0,0,0,0,0,0,0,0,0,0,0,0,0,0,0,0,0,0,0,0,0,0,0,0,0,0,0,0,0,0,0,0,0,0,0,0,0,0,0,0,0,0,0,0,0,0,0,0,0,0,0,0,0,0,0,0,0,0,0,0,0,0,0,0,0,0,0,0,0,0,0,0,0,0,0,0,0,0,0,0,0,0,0,0,0,0,0,0,0,0,0,0,0,0,0,0,0,0,0,0,0,0,0,0,0,0,0,0,0,0,0,0,0,0,0,0,0,0,0,0,0,0,0,0,0,0,0,0,0,0,0,0,0,0,0,0,0,0,0,
*U END
*S START
0,0,0,0,0,0,0,0,0,0,0,0,0,0,0,0,0,0,0,0,0,0,0,0,0,0,0,0,0,0,0,0,0,0,0,0,0,0,0,0,0,0,0,0,0,0,0,0,0,0,0,0,0,0,0,0,0,0,0,0,0,0,0,0,0,0,0,0,0,0,0,0,0,0,0,0,0,0,0,0,0,0,0,0,0,0,0,0,0,0,0,0,0,0,0,0,0,0,0,0,0,0,0,0,0,0,0,0,0,0,0,0,0,0,0,0,0,0,0,0,0,0,0,0,0,0,0,0,0,0,0,0,0,0,0,0,0,0,0,0,0,0,0,0,0,0,0,0,0,0,0,0,0,0,0,0,0,0,0,0,0,0,0,0,0,0,0,0,0,0,0,0,0,0,0,0,0,0,0,0,0,0,0,0,0,0,0,0,0,0,0,0,0,0,0,0,0,0,0,0,0,0,0,0,0,0,0,0,0,0,0,0,0,0,0,0,0,0,0,0,0,0,0,0,0,0,0,0,0,0,0,0,0,0,0,0,0,0,0,0,0,0,0,0,0,0,0,0,0,0,0,0,0,0,0,0,0,0,0,0,0,0,0,0,0,0,0,0,0,0,0,0,0,0,0,0,0,0,0,0,0,0,0,0,0,0,0,0,0,0,0,0,0,0,0,0,0,0,0,0,0,0,0,0,0,0,0,0,0,0,0,0,0,0,0,0,0,0,0,0,0,0,0,0,0,0,0,0,0,0,0,0,0,0,0,0,0,0,0,0,0,0,0,0,0,0,0,0,0,0,0,0,0,0,0,0,0,0,0,0,0,0,0,0,0,0,0,0,0,0,0,0,0,0,0,0,0,0,0,0,0,0,0,0,0,0,0,0,0,0,0,0,0,0,0,0,0,0,0,0,0,0,0,0,0,0,0,0,0,0,0,0,0,0,0,0,0,0,0,0,0,0,0,0,0,0,0,0,0,0,0,0,0,0,0,0,0,0,0,0,0,0,0,0,0,0,0,0,0,0,0,0,0,0,0,0,0,0,0,0,0,0,0,0,0,0,0,0,0,0,0,0,0,0,0,0,0,0,0,0,0,0,0,0,0,0,0,0,0,0,0,0,0,0,0,0,0,0,0,0,0,0,0,0,0,0,0,0,0,0,0,0,0,0,0,0,0,0,0,0,0,0,0,0,0,0,0,0,0,0,0,0,0,0,0,0,0,0,0,0,0,0,0,0,0,0,0,0,0,0,0,0,0,0,0,0,0,0,0,0,0,0,0,0,0,0,0,0,0,0,0,0,0,0,0,0,0,0,0,0,0,0,0,0,0,0,0,0,0,0,0,0,0,0,0,0,0,0,0,0,0,0,0,0,0,0,0,0,0,0,0,0,0,0,0,0,0,0,0,0,0,0,0,0,0,0,0,0,0,0,0,0,0,0,0,0,0,0,0,0,0,0,0,0,0,0,0,0,0,0,0,0,0,0,0,0,0,0,0,0,0,0,0,0,0,0,0,0,0,0,0,0,0,0,0,0,0,0,0,0,0,0,0,0,0,0,0,0,0,0,0,0,0,0,0,0,0,0,0,0,0,0,0,0,0,0,0,0,0,0,0,0,0,0,0,0,0,0,0,0,0,0,0,0,0,0,0,0,0,0,0,0,0,0,0,0,0,0,0,0,0,0,0,0,0,0,0,0,0,0,0,0,0,0,0,0,0,0,0,0,0,0,0,0,0,0,0,0,0,0,0,0,0,0,0,0,0,0,0,0,0,0,0,0,0,0,0,0,0,0,0,0,0,0,0,0,0,0,0,0,0,0,0,0,0,0,0,0,0,0,0,0,0,0,0,0,0,0,0,0,0,0,0,0,0,0,0,0,0,0,0,0,0,0,0,0,0,0,0,0,0,0,0,0,0,0,0,0,0,0,0,0,0,0,0,0,0,0,0,0,0,0,0,0,0,0,0,0,0,0,0,0,0,0,0,0,0,0,0,0,0,0,0,0,0,0,0,0,0,0,0,0,0,0,0,0,0,0,0,0,0,0,0,0,0,0,0,0,0,0,0,0,0,0,0,0,0,0,0,0,0,0,0,0,0,0,0,0,0,0,0,0,0,0,0,0,0,0,0,0,0,0,0,0,0,0,0,0,0,0,0,0,0,0,0,0,0,0,0,0,0,0,0,0,0,0,0,0,0,0,0,0,0,0,0,0,0,0,0,0,0,0,0,0,0,0,0,0,0,0,0,0,0,0,0,0,0,0,0,0,0,0,0,0,0,0,0,0,0,0,0,0,0,0,0,0,0,0,0,0,0,0,0,0,0,0,0,0,0,0,0,0,0,0,0,0,0,0,0,0,0,0,0,0,0,0,0,0,0,0,0,0,0,0,0,0,0,0,0,0,0,0,0,0,0,0,0,0,0,0,0,0,0,0,0,0,0,0,0,0,0,0,0,0,0,0,0,0,0,0,0,0,0,0,0,0,0,0,0,0,0,0,0,0,0,0,0,0,0,0,0,0,0,0,0,0,0,0,0,0,0,0,0,0,0,0,0,0,0,0,0,0,0,0,0,0,0,0,0,0,0,0,0,0,0,0,0,0,0,0,0,0,0,0,0,0,0,0,0,0,0,0,0,0,0,0,0,0,0,0,0,0,0,0,0,0,0,0,0,0,0,0,0,0,0,0,0,0,0,0,0,0,0,0,0,0,0,0,0,0,0,0,0,0,0,0,0,0,0,0,0,0,0,0,0,0,0,0,0,0,0,0,0,0,0,0,0,0,0,0,0,0,0,0,0,0,0,0,0,0,0,0,0,0,0,0,0,0,0,0,0,0,0,0,0,0,0,0,0,0,0,0,0,0,0,0,0,0,0,0,0,0,0,0,0,0,0,0,0,0,0,0,0,0,0,0,0,0,0,0,0,0,0,0,0,0,0,0,0,0,0,0,0,0,0,0,0,0,0,0,0,0,0,0,0,0,0,0,0,0,0,0,0,0,0,0,0,0,0,0,0,0,0,0,0,0,0,0,0,0,0,0,0,0,0,0,0,0,0,0,0,0,0,0,0,0,0,0,0,0,0,0,0,0,0,0,0,0,0,0,0,0,0,0,0,0,0,0,0,0,0,0,0,0,0,0,0,0,0,0,0,0,0,0,0,0,0,0,0,0,0,0,0,0,0,0,0,0,0,0,0,0,0,0,0,0,0,0,0,0,0,0,0,0,0,0,0,0,0,0,0,0,0,0,0,0,0,0,0,0,0,0,0,0,0,0,0,0,0,0,0,0,0,0,0,0,0,0,0,0,0,0,0,0,0,0,0,0,0,0,0,0,0,0,0,0,0,0,0,0,0,0,0,0,0,0,0,0,0,0,0,0,0,0,0,0,0,0,0,0,0,0,0,0,0,0,0,0,0,0,0,0,0,0,0,0,0,0,0,0,0,0,0,0,0,0,0,0,0,0,0,0,0,0,0,0,0,0,0,0,0,0,0,0,0,0,0,0,0,0,0,0,0,0,0,0,0,0,0,0,0,0,0,0,0,0,0,0,0,0,0,0,0,0,0,0,0,0,0,0,0,0,0,0,0,0,0,0,0,0,0,0,0,0,0,0,0,0,0,0,0,0,0,0,0,0,0,0,0,0,0,0,0,0,0,0,0,0,0,0,0,0,0,0,0,0,0,0,0,0,0,0,0,0,0,0,0,0,0,0,0,0,0,0,0,0,0,0,0,0,0,0,0,0,0,0,0,0,0,0,0,0,0,0,0,0,0,0,0,0,0,0,0,0,0,0,0,0,0,0,0,0,0,0,0,0,0,0,0,0,0,0,0,0,0,0,0,0,0,0,0,0,0,0,0,0,0,0,0,0,0,0,0,0,0,0,0,0,0,0,0,0,0,0,0,0,0,0,0,0,0,0,0,0,0,0,0,0,0,0,0,0,0,0,0,0,0,0,0,0,0,0,0,0,0,0,0,0,0,0,0,0,0,0,0,0,0,0,0,0,0,0,0,0,0,0,0,0,0,0,0,0,0,0,0,0,0,0,0,0,0,0,0,0,0,0,0,0,0,0,0,0,0,0,0,0,0,0,0,0,0,0,0,0,0,0,0,0,0,0,0,0,0,0,0,0,0,0,0,0,0,0,0,0,0,0,0,0,0,0,0,0,0,0,0,0,0,0,0,0,0,0,0,0,0,0,0,0,0,0,0,0,0,0,0,0,0,0,0,0,0,0,0,0,0,0,0,0,0,0,0,0,0,0,0,0,0,0,0,0,0,0,0,0,0,0,0,0,0,0,0,0,0,0,0,0,0,0,0,0,0,0,0,0,0,0,0,0,0,0,0,0,0,0,0,0,0,0,0,0,0,0,0,0,0,0,0,0,0,0,0,0,0,0,0,0,0,0,0,0,0,0,0,0,0,0,0,0,0,0,0,0,0,0,0,0,0,0,0,0,0,0,0,0,0,0,0,0,0,0,0,0,0,0,0,0,0,0,0,0,0,0,0,0,0,0,0,0,0,0,0,0,0,0,0,0,0,0,0,0,0,0,0,0,0,0,0,0,0,0,0,0,0,0,0,0,0,0,0,0,0,0,0,0,0,0,0,0,0,0,0,0,0,0,0,0,0,0,0,0,0,0,0,0,0,0,0,0,0,0,0,0,0,0,0,0,0,0,0,0,0,0,0,0,0,0,0,0,0,0,0,0,0,0,0,0,0,0,0,0,0,0,0,0,0,0,0,0,0,0,0,0,0,0,0,0,0,0,0,0,0,0,0,0,0,0,0,0,0,0,0,0,0,0,0,0,0,0,0,0,0,0,0,0,0,0,0,0,0,0,0,0,0,0,0,0,0,0,0,0,0,0,0,0,0,0,0,0,0,0,0,0,0,0,0,0,0,0,0,0,0,0,0,0,0,0,0,0,0,0,0,0,0,0,0,0,0,0,0,0,0,0,0,0,0,0,0,0,0,0,0,0,0,0,0,0,0,0,0,0,0,0,0,0,0,0,0,0,0,0,0,0,0,0,0,0,0,0,0,0,0,0,0,0,0,0,0,0,0,0,
*S END
*FRAME END
*FRAME START
*TIME =1
*U START
4.10282e-22,-6.37811e-22,0.00968705,4.3303e-22,0.0193734,-5.38068e-22,0.0290584,-4.58209e-23,0.038742,0,0.0484245,0,0.0581077,0,0.0677942,0,0.077489,0,0.0871993,0,0.0969357,0,0.106713,0,0.116553,0,0.126484,0,0.136547,0,0.146798,0,0.157323,0,0.168262,0,0.179847,0,0.19248,0,0.206745,0,0,-0.00409634,0.00968783,-0.00409662,0.019375,-0.00409624,0.0290609,-0.00409571,0.0387451,-0.00409562,0.048428,-0.00409679,0.0581109,-0.00410035,0.0677963,-0.00410776,0.0774884,-0.00412092,0.0871937,-0.0041422,0.0969215,-0.00417441,0.106685,-0.00422081,0.116501,-0.00428495,0.126392,-0.00437036,0.136385,-0.00447996,0.146512,-0.0046148,0.156802,-0.00477099,0.167273,-0.00493181,0.177891,-0.00504482,0.188493,-0.0049466,0.198608,-0.00404262,0,-0.00819431,0.00969035,-0.0081945,0.0193798,-0.00819348,0.0290674,-0.00819196,0.0387526,-0.00819104,0.0484353,-0.00819223,0.058116,-0.00819762,0.0677961,-0.00820993,0.0774784,-0.00823262,0.087167,-0.00826996,0.0968681,-0.00832692,0.10659,-0.00840898,0.116343,-0.00852155,0.12614,-0.00866888,0.135991,-0.00885205,0.145905,-0.00906529,0.155877,-0.00928893,0.165878,-0.00947517,0.175839,-0.0095176,0.185636,-0.00918058,0.195143,-0.0079197,0,-0.0122951,0.00969446,-0.012295,0.0193876,-0.0122927,0.0290783,-0.0122894,0.0387655,-0.0122862,0.0484482,-0.0122854,0.058126,-0.0122895,0.0677988,-0.0123023,0.0774673,-0.0123284,0.0871328,-0.0123732,0.0967976,-0.0124432,0.106465,-0.0125452,0.116138,-0.0126855,0.125822,-0.0128676,0.135517,-0.01309,0.145221,-0.0133398,0.154921,-0.0135853,0.164591,-0.0137622,0.174188,-0.0137517,0.183671,-0.0133478,0.193057,-0.0122276,0,-0.0164002,0.00970034,-0.0163995,0.019399,-0.0163954,0.0290945,-0.016389,0.0387852,-0.016382,0.0484694,-0.0163765,0.0581457,-0.0163757,0.0678123,-0.0163837,0.0774677,-0.0164057,0.0871104,-0.016448,0.0967389,-0.016518,0.106352,-0.0166234,0.115948,-0.0167711,0.125526,-0.0169651,0.135082,-0.0172026,0.144614,-0.0174687,0.154113,-0.0177284,0.16357,-0.0179163,0.172977,-0.017926,0.182341,-0.0176052,0.19172,-0.0167867,0,-0.0205113,0.00970814,-0.0205097,0.0194144,-0.0205032,0.0291168,-0.0204928,0.0388135,-0.0204801,0.0485022,-0.0204675,0.0581803,-0.0204581,0.0678449,-0.020456,0.0774924,-0.0204667,0.0871189,-0.0204969,0.0967198,-0.0205545,0.10629,-0.020648,0.115824,-0.0207859,0.125318,-0.0209739,0.134768,-0.0212119,0.144171,-0.0214883,0.153531,-0.0217729,0.162856,-0.0220099,0.172163,-0.0221126,0.181488,-0.0219709,0.190891,-0.021492,0,-0.0246302,0.0097179,-0.0246276,0.0194338,-0.0246181,0.0291458,-0.0246029,0.0388516,-0.0245834,0.0485486,-0.0245617,0.0582337,-0.0245407,0.0679029,-0.0245243,0.0775514,-0.0245178,0.0871733,-0.0245277,0.0967617,-0.0245624,0.106309,-0.0246315,0.115806,-0.0247453,0.125246,-0.0249133,0.134625,-0.0251415,0.143943,-0.0254271,0.153212,-0.0257519,0.162454,-0.0260753,0.171708,-0.0263303,0.181024,-0.0264308,0.190459,-0.0263009,0,-0.028759,0.0097294,-0.028755,0.019457,-0.0287425,0.0291809,-0.0287221,0.0388991,-0.0286952,0.0486089,-0.0286633,0.058307,-0.028629,0.0679891,-0.0285957,0.0776497,-0.0285681,0.0872819,-0.0285523,0.0968772,-0.0285567,0.106426,-0.0285916,0.115917,-0.0286698,0.12534,-0.0288058,0.134689,-0.029014,0.143964,-0.0293054,0.15318,-0.0296801,0.16237,-0.0301185,0.171589,-0.0305729,0.180905,-0.0309663,0.190377,-0.0312059,0,-0.032899,0.0097421,-0.0328937,0.0194828,-0.0328782,0.0292207,-0.0328529,0.0389541,-0.0328188,0.0486809,-0.032777,0.0583981,-0.0327294,0.0681016,-0.0326787,0.0777861,-0.0326287,0.0874447,-0.032585,0.0970684,-0.0325553,0.106647,-0.0325502,0.116166,-0.0325845,0.125615,-0.0326774,0.13498,-0.0328532,0.144258,-0.0331396,0.15346,-0.0335616,0.162623,-0.0341294,0.171817,-0.0348201,0.181131,-0.0355608,0.190645,-0.0362209,0,-0.0370513,0.00975507,-0.0370448,0.0195094,-0.0370267,0.0292623,-0.0369974,0.0390129,-0.0369573,0.0487598,-0.036907,0.0585009,-0.0368478,0.0682331,-0.0367815,0.0779523,-0.036711,0.0876525,-0.0366408,0.0973258,-0.0365777,0.106962,-0.0365317,0.116547,-0.0365182,0.126067,-0.0365598,0.135504,-0.036689,0.144845,-0.0369505,0.154088,-0.0373996,0.163259,-0.0380897,0.172436,-0.0390407,0.181742,-0.0401955,0.191306,-0.0413776,0,-0.0412159,0.00976707,-0.0412083,0.0195342,-0.0411886,0.0293018,-0.0411566,0.0390698,-0.0411123,0.048838,-0.0410562,0.0586057,-0.0409886,0.0683714,-0.0409109,0.0781329,-0.0408247,0.0878866,-0.0407335,0.097627,-0.0406426,0.107346,-0.0405608,0.117034,-0.0405027,0.126674,-0.0404913,0.136247,-0.0405634,0.145729,-0.0407758,0.1551,-0.0412124,0.164353,-0.0419844,0.173547,-0.043193,0.182841,-0.0448415,0.192467,-0.0467252,0,-0.0453916,0.00977659,-0.0453834,0.0195543,-0.045363,0.0293343,-0.04533,0.0391179,-0.0452842,0.0489061,-0.0452255,0.0586998,-0.0451542,0.0684997,-0.0450707,0.0783063,-0.0449762,0.0881194,-0.0448729,0.0979375,-0.0447649,0.107758,-0.0446594,0.117575,-0.0445687,0.127379,-0.0445141,0.137154,-0.0445313,0.146875,-0.0446804,0.156505,-0.0450607,0.165998,-0.0458326,0.175329,-0.0472327,0.184643,-0.0494432,0.194345,-0.0523251,0,-0.0495759,0.00978204,-0.0495677,0.0195662,-0.0495478,0.0293546,-0.0495155,0.0391494,-0.0494708,0.0489531,-0.0494133,0.0587684,-0.0493431,0.0685982,-0.0492606,0.0784461,-0.0491665,0.0883159,-0.0490626,0.0982117,-0.048952,0.108138,-0.0488408,0.118098,-0.0487394,0.128094,-0.0486661,0.138124,-0.0486524,0.148177,-0.0487537,0.158226,-0.0490671,0.168217,-0.0497668,0.178051,-0.0511718,0.187594,-0.0538936,0.19739,-0.0582193,0,-0.0537648,0.0097819,-0.0537576,0.0195669,-0.0537392,0.0293575,-0.0537093,0.0391568,-0.0536678,0.0489684,-0.0536148,0.0587964,-0.0535504,0.068646,-0.0534751,0.0785235,-0.05339,0.0884369,-0.0532971,0.098396,-0.0531997,0.108414,-0.0531041,0.118505,-0.0530204,0.128689,-0.052966,0.138989,-0.0529701,0.14943,-0.0530831,0.160033,-0.0533936,0.170809,-0.0540635,0.181726,-0.0554036,0.192638,-0.0580654,0.202708,-0.064263,0,-0.0579528,0.00977489,-0.0579485,0.0195537,-0.0579322,0.0293388,-0.0579055,0.0391337,-0.0578688,0.0489426,-0.0578223,0.0587705,-0.0577667,0.0686241,-0.057703,0.0785115,-0.0576331,0.0884438,-0.05756,0.0984355,-0.0574886,0.108506,-0.0574271,0.118683,-0.0573884,0.129003,-0.0573938,0.139521,-0.0574781,0.150311,-0.0576993,0.161488,-0.0581575,0.173222,-0.0590307,0.185767,-0.060651,0.199498,-0.0636594,0.215009,-0.0690099,
*U END
*S START
4.27073,0.0296015,1.2901,0.000120011,4.27122,0.0299341,1.29035,-4.36023e-05,4.27043,0.0296391,1.29002,0.000254027,4.27082,0.0296378,1.29014,0.000177821,4.26985,0.0296197,1.28984,0.000381082,4.27017,0.029525,1.28991,0.000335561,4.26907,0.0293276,1.28952,0.000483306,4.26941,0.0294317,1.28965,0.000395152,4.26828,0.0284763,1.28903,0.000535861,4.26874,0.0291855,1.28938,0.000303212,4.26776,0.0266901,1.28833,0.000501482,4.26846,0.0285513,1.2891,-1.06474e-05,4.2679,0.0234916,1.28742,0.000323465,4.26899,0.0272154,1.28886,-0.000638751,4.26928,0.018296,1.28627,-8.41262e-05,4.27089,0.0247735,1.2887,-0.00170193,4.27272,0.01042,1.28494,-0.000852386,4.27494,0.0207228,1.2887,-0.00335704,4.27938,-0.000883503,1.28355,-0.00218536,4.28215,0.0144613,1.28898,-0.00580788,4.29089,-0.0163469,1.28236,-0.00441243,4.29381,0.00529868,1.28973,-0.00932426,4.30959,-0.0365277,1.28192,-0.00809521,4.3115,-0.00751575,1.29119,-0.0142799,4.33892,-0.0614987,1.28323,-0.0142552,4.33707,-0.0247497,1.2937,-0.0212349,4.38429,-0.0902297,1.28822,-0.0248725,4.37243,-0.0471383,1.29759,-0.0311173,4.45479,-0.119289,1.30065,-0.0439951,4.41897,-0.0753671,1.30308,-0.0456169,4.56681,-0.139937,1.32806,-0.0802208,4.47606,-0.11017,1.30977,-0.0680253,4.75199,-0.131261,1.38622,-0.152236,4.53705,-0.152689,1.31531,-0.104962,5.07385,-0.0429926,1.50926,-0.300902,4.5796,-0.205144,1.31234,-0.169621,5.66055,0.251621,1.77365,-0.61339,4.54418,-0.269996,1.28225,-0.285792,6.74826,1.11514,2.35902,-1.25174,4.30543,-0.329146,1.19288,-0.474316,4.27086,0.0291039,1.28999,0.000343003,4.27219,0.0296343,1.29055,-2.94588e-05,4.27067,0.0293052,1.28999,0.000785343,4.27172,0.0294716,1.29036,0.000542999,4.27017,0.029522,1.28991,0.00108403,4.2709,0.0294025,1.29009,0.000961054,4.26948,0.0295928,1.28972,0.00117414,4.26983,0.0293797,1.28976,0.00114498,4.26878,0.0292844,1.28942,0.000943602,4.26866,0.0292428,1.28937,0.000976272,4.26835,0.0282917,1.28899,0.000234304,4.26757,0.0287662,1.2889,0.000294653,4.26856,0.0262322,1.28844,-0.00117258,4.26685,0.0276488,1.28835,-0.00111267,4.26998,0.0226501,1.28779,-0.00357773,4.26686,0.0255011,1.28771,-0.00352373,4.27336,0.0170401,1.28712,-0.0073922,4.26808,0.0218379,1.28698,-0.00729619,4.27977,0.00890633,1.2866,-0.0131785,4.27112,0.0160782,1.28616,-0.0128826,4.29063,-0.00211331,1.28656,-0.0217137,4.27663,0.00756028,1.28526,-0.0208479,4.30785,-0.0160199,1.28755,-0.0340917,4.28526,-0.0044158,1.28425,-0.0318932,4.33394,-0.0320583,1.29056,-0.051889,4.29739,-0.0205053,1.28306,-0.0468898,4.37203,-0.0480707,1.29719,-0.0774178,4.31268,-0.0411676,1.28145,-0.0669293,4.42577,-0.0595005,1.30988,-0.114045,4.32926,-0.0663993,1.27886,-0.0933625,4.49842,-0.0580135,1.33212,-0.166357,4.34239,-0.0952373,1.27415,-0.127707,4.58958,-0.0301151,1.36784,-0.239283,4.3427,-0.12475,1.26538,-0.170979,4.68553,0.0420272,1.41827,-0.333132,4.31503,-0.147782,1.25017,-0.221069,4.73129,0.166605,1.46937,-0.424382,4.24308,-0.147596,1.22864,-0.263898,4.55224,0.246747,1.4397,-0.394073,4.14208,-0.0859146,1.21685,-0.24551,4.27162,0.0282922,1.28997,0.000604082,4.27376,0.029059,1.29084,2.29784e-05,4.2714,0.0287254,1.29004,0.00136772,4.27315,0.0289467,1.29063,0.000974304,4.27086,0.0293179,1.29005,0.00191511,4.27208,0.0290166,1.29033,0.00173248,4.27008,0.0299546,1.29001,0.00211514,4.27059,0.0291998,1.28994,0.00216448,4.26919,0.030476,1.2899,0.00179181,4.26872,0.0293727,1.28943,0.00210537,4.26839,0.0306703,1.28972,0.000702116,4.26655,0.0293458,1.28877,0.0013345,4.26797,0.0302714,1.28947,-0.00148227,4.26417,0.0288617,1.28791,-0.000439541,4.26834,0.0289638,1.28919,-0.00519598,4.26171,0.0275864,1.28679,-0.0035934,4.27004,0.0264013,1.28893,-0.0110015,4.25933,0.025102,1.28533,-0.00859995,4.27377,0.0222559,1.28881,-0.0196079,4.25723,0.0209094,1.28344,-0.0160306,4.28038,0.0163141,1.28901,-0.0318808,4.25555,0.0144486,1.281,-0.0265414,4.29086,0.00864573,1.28985,-0.0488319,4.25434,0.00515284,1.27785,-0.0408296,4.30612,-0.000134629,1.2918,-0.0715639,4.25332,-0.0074426,1.27376,-0.0595417,4.32667,-0.00852688,1.29544,-0.101111,4.25159,-0.0235051,1.26842,-0.0830984,4.35179,-0.0138357,1.30139,-0.138033,4.24719,-0.0425882,1.26138,-0.111363,4.37795,-0.0122618,1.30971,-0.181433,4.2367,-0.0631571,1.25206,-0.143005,4.39598,-0.000428481,1.31867,-0.226689,4.21529,-0.0819734,1.23999,-0.174242,4.3864,0.0187568,1.32155,-0.260456,4.17855,-0.0936113,1.22548,-0.196413,4.31358,0.0169147,1.29915,-0.250406,4.12903,-0.0915468,1.21124,-0.191802,4.12501,-0.12574,1.19978,-0.126976,4.09202,-0.0780423,1.20419,-0.129916,4.2729,0.0270713,1.28999,0.000926801,4.27593,0.0281086,1.29121,0.000113958,4.27264,0.0277681,1.29012,0.00209355,4.27519,0.0280489,1.29097,0.00152819,4.27198,0.0287911,1.29023,0.0030108,4.27388,0.0282979,1.29065,0.00273065,4.27097,0.0300795,1.29031,0.00351834,4.27197,0.0287863,1.29023,0.00357593,4.26966,0.0315495,1.29036,0.00340655,4.26942,0.0294185,1.28965,0.00387918,4.26815,0.0330868,1.29037,0.00239354,4.26617,0.030056,1.28887,0.00339616,4.2666,0.0345393,1.29034,0.000105368,4.26213,0.0305071,1.28779,0.0018052,4.26519,0.0357118,1.29027,-0.00393988,4.25722,0.0305172,1.28632,-0.00130639,4.26416,0.0363638,1.29016,-0.0103397,4.2513,0.02976,1.28432,-0.00644773,4.26379,0.0362176,1.29,-0.0197961,4.24425,0.0278334,1.28163,-0.0142128,4.26435,0.0349821,1.2898,-0.0330677,4.23591,0.024269,1.27805,-0.0252366,4.26602,0.0324047,1.28953,-0.05086,4.22604,0.0185647,1.27338,-0.0400969,4.26865,0.028348,1.2891,-0.0736097,4.21435,0.0102601,1.26738,-0.0591302,4.27146,0.0228561,1.28829,-0.101107,4.20033,-0.000933639,1.25982,-0.082124,4.27233,0.0160665,1.28652,-0.131867,4.18325,-0.0149471,1.25049,-0.107847,4.26703,0.00760666,1.28239,-0.162117,4.16212,-0.0311675,1.23929,-0.133379,4.24814,-0.00532701,1.27284,-0.184259,4.1362,-0.048463,1.22632,-0.153245,4.20457,-0.0329056,1.2515,-0.184774,4.10651,-0.0660263,1.21214,-0.158537,4.12366,-0.104074,1.20588,-0.142522,4.07894,-0.0867473,1.19766,-0.137044,4.0016,-0.28901,1.11378,-0.0333541,4.06758,-0.128108,1.18184,-0.0787299,4.27474,0.0253377,1.29002,0.00131399,4.27875,0.02668,1.29163,0.000244734,4.27443,0.0262824,1.29021,0.00298341,4.27792,0.0266981,1.29138,0.00220234,4.27362,0.0277076,1.2904,0.00441215,4.27646,0.0271517,1.29108,0.00395657,4.27232,0.0296073,1.29058,0.00544778,4.27428,0.0279883,1.29068,0.0053805,4.27052,0.0319712,1.29075,0.00588596,4.27125,0.0291487,1.29012,0.00630338,4.26819,0.034775,1.29089,0.00545186,4.2672,0.0305511,1.28933,0.00649453,4.26533,0.0379682,1.29099,0.00378291,4.2619,0.0320783,1.28819,0.00564698,4.2619,0.041454,1.29101,0.000417324,4.25506,0.0335651,1.28659,0.0033642,4.25786,0.0450598,1.29088,-0.005205,4.24633,0.0347807,1.28433,-0.000843939,4.25311,0.0484924,1.29048,-0.013715,4.23535,0.0354119,1.28123,-0.00754679,4.24748,0.0512773,1.28963,-0.0257399,4.22172,0.0350422,1.27703,-0.0173414,4.24066,0.0526793,1.288,-0.0417482,4.20516,0.0331379,1.27149,-0.0307387,4.23207,0.0516117,1.2851,-0.0617746,4.18551,0.0290448,1.26437,-0.0479506,4.22067,0.0465225,1.28016,-0.0849845,4.16299,0.0220062,1.2555,-0.0685449,4.20474,0.0351979,1.27198,-0.109062,4.13822,0.0111875,1.24482,-0.0909563,4.1816,0.0142905,1.25877,-0.129474,4.11245,-0.00435515,1.23243,-0.111914,4.14761,-0.0218359,1.23773,-0.138794,4.08768,-0.0259615,1.21852,-0.125982,4.099,-0.0835442,1.20464,-0.126646,4.06703,-0.0563737,1.2032,-0.125685,4.03476,-0.189836,1.15348,-0.0818362,4.05497,-0.102412,1.18577,-0.103364,3.96421,-0.369304,1.07847,-0.00156395,4.05553,-0.180933,1.16238,-0.057503,4.27718,0.0230206,1.29006,0.00174647,4.28219,0.0246882,1.29206,0.000411861,4.27683,0.0241512,1.29029,0.00399135,4.28136,0.0248119,1.29185,0.00295269,4.27591,0.0258747,1.29054,0.00604683,4.27991,0.0254724,1.29161,0.00532734,4.27438,0.0282356,1.29079,0.00779773,4.27771,0.0266459,1.29131,0.00745067,4.27217,0.0312882,1.29104,0.00907944,4.27457,0.0283152,1.29087,0.00919398,4.26915,0.0350871,1.29127,0.00966375,4.27023,0.0304579,1.29021,0.0103727,4.26515,0.0396702,1.29145,0.00924434,4.26435,0.0330327,1.28922,0.010732,4.25997,0.0450291,1.2915,0.00742582,4.25651,0.0359635,1.28774,0.00993194,4.25331,0.051054,1.29131,0.0037239,4.24617,0.0391152,1.28559,0.00753861,4.24479,0.0574459,1.29067,-0.00241232,4.23278,0.0422561,1.28251,0.00302802,4.23395,0.0635767,1.28926,-0.0115342,4.21576,0.0450048,1.27823,-0.00418148,4.22022,0.0682902,1.28655,-0.0240534,4.1947,0.0467545,1.27244,-0.0146423,4.20292,0.0696497,1.28177,-0.0399846,4.16956,0.0465768,1.26484,-0.028698,4.18127,0.0646756,1.27379,-0.058534,4.14099,0.0431115,1.25523,-0.046165,4.15449,0.0491449,1.26109,-0.0775389,4.11075,0.0344504,1.24356,-0.0658521,4.12182,0.0174998,1.24179,-0.0928881,4.08183,0.0180049,1.22995,-0.0849917,4.08287,-0.0371902,1.2137,-0.0982692,4.0583,-0.00972213,1.21457,-0.0988488,4.03837,-0.123238,1.17454,-0.0859266,4.04444,-0.0536592,1.19723,-0.101056,3.99192,-0.249538,1.12271,-0.0497075,4.04299,-0.121259,1.17652,-0.0855769,3.95325,-0.419582,1.0601,0.00722571,4.05145,-0.224026,1.14823,-0.0515238,4.28023,0.0201169,1.2901,0.0021818,4.28613,0.0220938,1.29247,0.000605565,4.27987,0.0213338,1.29036,0.00501269,4.28542,0.0223433,1.29233,0.00370037,4.27893,0.0231943,1.29064,0.00774125,4.28419,0.0231858,1.29221,0.00669154,4.27734,0.0257847,1.29094,0.0103098,4.28229,0.0246333,1.29208,0.00954993,4.27495,0.0292106,1.29125,0.0126188,4.27951,0.0267129,1.29187,0.012208,4.27157,0.0335901,1.29155,0.0145163,4.27553,0.0294584,1.2915,0.0145512,4.26693,0.0390378,1.29179,0.0157854,4.26997,0.0329004,1.29086,0.0164054,4.26065,0.0456312,1.29188,0.0161311,4.26229,0.0370497,1.2898,0.0175195,4.25227,0.0533458,1.29168,0.0151704,4.25186,0.0418663,1.28812,0.0175476,4.24121,0.0619407,1.29095,0.0124346,4.23795,0.0472101,1.28555,0.0160328,4.2268,0.070769,1.28927,0.0073967,4.21979,0.0527569,1.28176,0.0124025,4.2083,0.0784826,1.28603,-0.000449459,4.1967,0.0578687,1.27637,0.00599265,4.185,0.0826211,1.28029,-0.0114147,4.16845,0.061405,1.26896,-0.00386086,4.15643,0.0791374,1.27067,-0.0252852,4.13567,0.0614775,1.25914,-0.0176003,4.12258,0.0620678,1.2554,-0.0407923,4.10054,0.0551823,1.24672,-0.0350058,4.08427,0.0237119,1.2324,-0.0549587,4.06733,0.0383876,1.23172,-0.0545052,4.04347,-0.0443297,1.19974,-0.0627,4.04216,0.00566374,1.21435,-0.0724378,4.00356,-0.149056,1.15635,-0.05743,4.03121,-0.0495824,1.19449,-0.0828555,3.96965,-0.292376,1.10318,-0.0336793,4.03712,-0.134671,1.17074,-0.0787144,3.94873,-0.463704,1.04551,0.00740176,4.05378,-0.256322,1.13924,-0.0550844,4.28382,0.016714,1.29016,0.00255871,4.29035,0.018929,1.29279,0.000809778,4.28351,0.0178945,1.29042,0.00589965,4.28988,0.0193096,1.29276,0.00434327,4.2827,0.0196993,1.29072,0.00924903,4.28909,0.0202838,1.29281,0.00785346,4.28127,0.0222433,1.29105,0.0126162,4.28783,0.0219015,1.29292,0.011371,4.27906,0.0256649,1.29142,0.0159804,4.2859,0.0242309,1.29304,0.0148977,4.27582,0.0301262,1.29178,0.0192852,4.283,0.027355,1.29311,0.0184031,4.27121,0.0358021,1.2921,0.0224268,4.27871,0.0313677,1.29302,0.0218125,4.26478,0.0428519,1.29229,0.0252379,4.27251,0.0363594,1.29266,0.0249896,4.25593,0.0513605,1.29219,0.0274666,4.26369,0.042388,1.29182,0.0277092,4.24396,0.0612259,1.29156,0.0287517,4.25142,0.0494245,1.29025,0.0296209,4.22802,0.0719593,1.28999,0.0285973,4.2347,0.0572561,1.28759,0.0302014,4.20719,0.0823463,1.28686,0.026363,4.21253,0.0653223,1.28336,0.0287005,4.18067,0.0899127,1.28117,0.0213012,4.18412,0.0724562,1.27697,0.0241031,4.14797,0.0901731,1.27144,0.0127198,4.14939,0.0765061,1.26777,0.0151692,4.10939,0.0758323,1.25557,0.00041008,4.10991,0.0738616,1.25513,0.000700488,4.06659,0.0366528,1.23097,-0.0145016,4.07019,0.0590337,1.23877,-0.0196985,4.02307,-0.0388742,1.19526,-0.028441,4.03845,0.0245944,1.21891,-0.0442102,3.98416,-0.159376,1.14743,-0.034889,4.02471,-0.0381724,1.19596,-0.0672412,3.95592,-0.324132,1.08954,-0.0258047,4.03502,-0.137576,1.16923,-0.0789355,3.94315,-0.514462,1.02861,0.00432613,4.0628,-0.278327,1.13534,-0.0668323,4.28781,0.0129989,1.29024,0.00280524,4.29451,0.0153134,1.29295,0.0010037,4.28761,0.0140148,1.29049,0.00648377,4.29438,0.0158121,1.29306,0.0047713,4.28707,0.0155704,1.29079,0.0102891,4.29422,0.0168468,1.29332,0.00860371,4.28607,0.0177901,1.29116,0.0142953,4.29392,0.0185056,1.29373,0.0125831,4.28444,0.0208232,1.29158,0.0185627,4.2933,0.0208886,1.29426,0.016778,4.28193,0.0248496,1.29203,0.0231367,4.29213,0.0241162,1.29487,0.0212432,4.27816,0.0300781,1.29247,0.0280395,4.29005,0.0283311,1.29551,0.0260114,4.27267,0.0367307,1.29282,0.0332538,4.28659,0.0336911,1.29609,0.0310769,4.26481,0.0450026,1.29294,0.0386943,4.28111,0.0403482,1.29644,0.036366,4.2538,0.0549792,1.29263,0.0441627,4.27274,0.0484015,1.29634,0.0416887,4.23865,0.0664726,1.29154,0.0492759,4.2604,0.0578084,1.29546,0.0466587,4.21827,0.0787142,1.28909,0.0533649,4.24273,0.0682205,1.29328,0.0505721,4.19155,0.0898031,1.28441,0.0553509,4.21823,0.0786992,1.28908,0.052235,4.15764,0.0957576,1.27602,0.0536517,4.18559,0.0872484,1.28185,0.0497632,4.11642,0.0890496,1.26164,0.0462901,4.14445,0.0901069,1.27037,0.0404714,4.0693,0.056963,1.23788,0.0316363,4.09733,0.0808688,1.25346,0.0212505,4.02029,-0.0177879,1.20075,0.0104856,4.05293,0.0499462,1.23086,-0.00958992,3.97632,-0.151075,1.14757,-0.0109896,4.02737,-0.0147525,1.20379,-0.0484632,3.94558,-0.346266,1.0798,-0.0199695,4.03669,-0.125203,1.17345,-0.0824038,3.93303,-0.581135,1.00557,0.000158512,4.08055,-0.288424,1.13764,-0.0878881,4.29191,0.00924948,1.29035,0.00284917,4.29813,0.0114595,1.29288,0.00116317,4.29188,0.00998752,1.29056,0.00660187,4.29842,0.0120403,1.29314,0.00488362,4.29177,0.0111316,1.29087,0.0105896,4.29903,0.0130526,1.29363,0.00875304,4.29147,0.0127941,1.29128,0.014936,4.2999,0.0146175,1.29436,0.0128846,4.29083,0.0151087,1.29178,0.0197714,4.30094,0.0168533,1.29534,0.0173991,4.28961,0.0182418,1.29236,0.0252356,4.30201,0.0199003,1.29657,0.0224248,4.28751,0.0223986,1.29297,0.031475,4.30288,0.0239301,1.29804,0.0280937,4.28408,0.0278213,1.29357,0.0386313,4.30326,0.0291479,1.29972,0.0345302,4.27872,0.0347756,1.29405,0.0468162,4.30265,0.0357825,1.30153,0.0418285,4.27065,0.0435115,1.29425,0.0560621,4.30038,0.0440593,1.30333,0.0500056,4.25884,0.0541728,1.2939,0.0662299,4.29544,0.0541375,1.30487,0.0589164,4.24203,0.0665969,1.29259,0.0768521,4.2864,0.0659839,1.30571,0.0681009,4.21875,0.0798942,1.28959,0.0868783,4.27127,0.0791268,1.30512,0.0765275,4.18744,0.0915742,1.28371,0.094311,4.24745,0.0921962,1.30189,0.082185,4.14688,0.0957727,1.2728,0.0957991,4.21199,0.102093,1.29422,0.0815135,4.0969,0.0798618,1.25303,0.0865763,4.16278,0.102589,1.27961,0.068853,4.03985,0.0194181,1.21778,0.062089,4.10276,0.0823747,1.25554,0.0369155,3.98304,-0.118196,1.15945,0.0245494,4.0516,0.024454,1.22282,-0.0176928,3.93853,-0.354256,1.07528,-0.00854183,4.04638,-0.09105,1.1866,-0.0827533,3.91604,-0.672269,0.973133,-0.00324602,4.11122,-0.280244,1.14929,-0.120687,4.29571,0.00581017,1.29045,0.00262846,4.30069,0.00766696,1.29251,0.00126064,4.29591,0.0061922,1.29063,0.00612348,4.30143,0.00826282,1.29291,0.00460613,4.29636,0.00682684,1.29096,0.00993313,4.30286,0.00916764,1.29361,0.00816674,4.29698,0.00779003,1.29143,0.0142028,4.30498,0.0105197,1.29465,0.0120562,4.29765,0.0091743,1.29205,0.0191085,4.30782,0.0124361,1.29608,0.0164226,4.29823,0.0111004,1.2928,0.0248607,4.31137,0.0150556,1.29793,0.0214417,4.29851,0.013725,1.29367,0.0317072,4.31563,0.0185552,1.30026,0.0273172,4.29816,0.0172496,1.29462,0.0399331,4.32052,0.0231582,1.3031,0.0342787,4.29672,0.021928,1.29559,0.0498497,4.3259,0.0291384,1.30651,0.0425713,4.29353,0.0280683,1.29648,0.0617627,4.33145,0.0368156,1.31048,0.0524287,4.28768,0.0360205,1.29711,0.0758991,4.33661,0.0465326,1.31494,0.0640096,4.27789,0.0461179,1.2972,0.0922575,4.34035,0.0585925,1.31968,0.0772704,4.26243,0.058498,1.29628,0.110326,4.34087,0.0731104,1.32419,0.0917149,4.23905,0.0726039,1.2935,0.128574,4.3352,0.089686,1.32747,0.105929,4.20503,0.0858626,1.28727,0.143616,4.31859,0.106693,1.32759,0.116737,4.15749,0.0902421,1.27432,0.149011,4.28413,0.119763,1.32117,0.117779,4.09458,0.0632845,1.24736,0.134319,4.22372,0.118623,1.3027,0.0974239,4.01813,-0.0536285,1.18935,0.0883045,4.1364,0.0812104,1.26528,0.0376827,3.94267,-0.333027,1.08289,0.0236384,4.08286,-0.0258909,1.21709,-0.0658253,3.89109,-0.793887,0.929161,-0.000931568,4.16214,-0.23897,1.17695,-0.166125,4.29871,0.0030492,1.29053,0.00209962,4.30164,0.00430545,1.29179,0.00126128,4.2992,0.00305292,1.29067,0.00497693,4.30279,0.00479958,1.29228,0.00390811,4.30029,0.00317412,1.29104,0.00819995,4.30496,0.00552197,1.29314,0.0067963,4.30194,0.00342796,1.29161,0.0118995,4.30824,0.00658208,1.29445,0.0100093,4.30414,0.00384819,1.2924,0.0162619,4.31277,0.00806812,1.29625,0.0136918,4.30684,0.00448506,1.2934,0.0215261,4.31872,0.0100971,1.29864,0.0180286,4.30999,0.00540882,1.29462,0.027993,4.32631,0.0128269,1.30174,0.0232467,4.31347,0.00671776,1.29606,0.0360378,4.3358,0.0164671,1.30568,0.0296233,4.31707,0.00855158,1.29769,0.0461214,4.34748,0.0212929,1.31063,0.0374914,4.32044,0.0111124,1.29946,0.0587935,4.36166,0.0276613,1.3168,0.0472386,4.32297,0.0146966,1.3013,0.074674,4.37857,0.036026,1.32438,0.0592882,4.32369,0.0197366,1.30303,0.094385,4.39821,0.046944,1.33355,0.0740396,4.32104,0.0268398,1.30436,0.118379,4.4201,0.0610528,1.34435,0.0917239,4.31251,0.0367442,1.30478,0.146548,4.44265,0.0789608,1.35648,0.112076,4.29426,0.049917,1.30325,0.177397,4.46219,0.100895,1.36893,0.133615,4.26062,0.0648937,1.29765,0.206362,4.47109,0.125701,1.37904,0.152105,4.20388,0.0723422,1.28287,0.222569,4.45481,0.148119,1.38088,0.157228,4.11545,0.0323065,1.24433,0.203374,4.38762,0.151088,1.36161,0.125183,3.98807,-0.247051,1.12231,0.113925,4.22937,0.0811316,1.29315,2.85548e-05,3.86387,-0.934927,0.878684,0.025084,4.24765,-0.135806,1.23355,-0.211495,4.30035,0.00129521,1.29049,0.00123963,4.30051,0.00180322,1.29069,0.00110685,4.30116,0.000980881,1.29064,0.00317158,4.30194,0.00197327,1.29117,0.00281713,4.30289,0.00070032,1.29108,0.00540623,4.30463,0.00246962,1.29213,0.00470439,4.30559,0.000394954,1.29179,0.00802726,4.30877,0.00322036,1.2936,0.00682542,4.30933,3.99006e-05,1.29281,0.0111895,4.31459,0.0042547,1.29565,0.00929356,4.31423,-0.000389166,1.29415,0.0151031,4.32243,0.00565398,1.29842,0.0122539,4.32042,-0.00092235,1.29585,0.0200457,4.33273,0.00753939,1.30208,0.0158914,4.32806,-0.00159832,1.29794,0.0263855,4.34609,0.0100807,1.30685,0.0204428,4.3373,-0.00246423,1.30045,0.0346114,4.36332,0.0135137,1.31305,0.0262128,4.34828,-0.00357152,1.30341,0.045373,4.38544,0.0181671,1.32108,0.0335927,4.361,-0.00496319,1.30681,0.0595297,4.41378,0.0245027,1.33149,0.0430801,4.37525,-0.0066429,1.31058,0.0782075,4.44999,0.0331736,1.34495,0.055296,4.39028,-0.00851316,1.31453,0.102848,4.496,0.0451071,1.36233,0.070981,4.40441,-0.010269,1.31824,0.1352,4.5539,0.061609,1.38465,0.0909263,4.41412,-0.0112717,1.32085,0.177118,4.62542,0.0844491,1.41296,0.115714,4.41268,-0.0106006,1.32062,0.229767,4.71051,0.115751,1.44788,0.144931,4.38785,-0.00812585,1.31392,0.291187,4.80391,0.15707,1.48829,0.174935,4.31894,-0.00915905,1.29294,0.349152,4.88662,0.205636,1.52768,0.192657,4.17566,-0.0441874,1.23944,0.357294,4.89941,0.23961,1.5417,0.155786,3.87997,-0.993724,0.865873,0.152698,4.45948,0.07745,1.36108,-0.17744,4.30005,0.000738798,1.29024,2.82426e-05,4.29694,0.000666587,1.28928,0.000665224,4.30122,0.000307192,1.29046,0.000814819,4.2984,3.13089e-05,1.28953,0.00143384,4.30351,-0.000140303,1.29101,0.00173055,4.3013,0.000338633,1.29049,0.00207796,4.30709,-0.000690204,1.29192,0.00282655,4.3058,0.000842207,1.29199,0.00277812,4.31217,-0.00139613,1.29323,0.00418773,4.31223,0.0015091,1.29412,0.00359563,4.31901,-0.00232768,1.295,0.0059281,4.321,0.00238792,1.29702,0.00458619,4.32796,-0.0035842,1.29731,0.00820601,4.33275,0.00356155,1.30089,0.00581874,4.33949,-0.00531005,1.30025,0.0112453,4.34834,0.00515073,1.30605,0.00738395,4.35422,-0.0077188,1.30395,0.0153681,4.36899,0.00733116,1.3129,0.0094036,4.37288,-0.0111318,1.30853,0.0210472,4.3964,0.0103614,1.32203,0.0120447,4.39641,-0.0160437,1.31411,0.0289924,4.43299,0.0146291,1.33429,0.0155407,4.42581,-0.0232367,1.32077,0.0402996,4.48221,0.0207301,1.35088,0.0202262,4.4621,-0.0339855,1.32843,0.0567114,4.54911,0.0296035,1.37361,0.0265925,4.50588,-0.0504348,1.33663,0.0810781,4.64119,0.0427688,1.40519,0.0353753,4.55653,-0.0763012,1.34407,0.118168,4.76995,0.0627361,1.44981,0.0476762,4.61025,-0.118181,1.34762,0.176035,4.95319,0.093697,1.51407,0.0650712,4.65605,-0.187932,1.34044,0.2681,5.21869,0.14258,1.60838,0.0894689,4.66721,-0.306327,1.30827,0.415489,5.60866,0.220331,1.7487,0.121867,4.58505,-0.493879,1.22735,0.645848,6.18298,0.343289,1.95788,0.158829,4.32677,-0.232208,1.22837,0.938956,7.06104,0.567259,2.28849,0.232209,
*S END
*FRAME END
*RESULT END
