*NODE START
0,0,
2.5,0,
5,0,
0,3.5,
2.5,3.5,
5,3.5,
1.25,0,
2.5,1.75,
1.25,3.5,
0,1.75,
3.75,0,
5,1.75,
3.75,3.5,
*NODE END
*INTEGRATION POINTS = 9
*ELEMENT START
1,1,2,5,4,7,8,9,10,
2,2,3,6,5,11,12,13,8,
*ELEMENT END
*RESULT START
*FRAME START
*TIME =0
*U START
-3.04308e-16,4.86792e-16,0.174607,-3.80678e-16,0.474641,-1.44747e-17,4.11292e-17,-0.112259,0.199475,-0.0934455,0.559644,-0.224471,0.0886663,0,0.193659,-0.0487504,0.0998146,-0.106694,0,-0.0501451,0.318977,0,0.326429,-0.101414,0.375179,-0.1134,
*U END
*S START
8.31728,0.552583,2.66096,0.0132182,8.03772,0.287302,2.49751,0.218492,7.83416,0.199339,2.41005,0.440719,8.7071,0.225312,2.67972,-0.0449628,8.66911,0.365432,2.71036,0.143965,8.7071,0.682869,2.81699,0.349848,8.66929,-0.285231,2.51522,0.0447748,8.87285,0.260289,2.73994,0.217358,9.15241,0.983126,3.04066,0.406894,9.83918,1.335,3.35225,-0.0819334,10.6257,1.42114,3.61405,-2.66457,10.5111,-0.595387,2.9747,-5.2639,4.82932,-0.755696,1.22209,0.628914,5.27989,-1.29764,1.19468,-0.192612,4.82932,-3.94225,0.266123,-1.03083,12.5701,2.61818,4.55649,1.10255,12.6848,1.44815,4.23987,2.04214,11.8983,-1.82454,3.02212,2.96503,
*S END
*FRAME END
*FRAME START
*TIME =0.1
*U START
-3.02756e-16,4.84311e-16,0.174607,-3.78737e-16,0.474641,-1.44009e-17,4.09195e-17,-0.112259,0.199475,-0.0934455,0.559644,-0.224471,0.0886663,0,0.193659,-0.0487504,0.0998146,-0.106694,0,-0.0501451,0.318977,0,0.326429,-0.101414,0.375179,-0.1134,
*U END
*S START
8.31728,0.552583,2.66096,0.0132182,8.03772,0.287302,2.49751,0.218492,7.83416,0.199339,2.41005,0.440719,8.7071,0.225312,2.67972,-0.0449628,8.66911,0.365432,2.71036,0.143965,8.7071,0.682869,2.81699,0.349848,8.66929,-0.285231,2.51522,0.0447748,8.87285,0.260289,2.73994,0.217358,9.15241,0.983126,3.04066,0.406894,9.83918,1.335,3.35225,-0.0819334,10.6257,1.42114,3.61405,-2.66457,10.5111,-0.595387,2.9747,-5.2639,4.82932,-0.755696,1.22209,0.628914,5.27989,-1.29764,1.19468,-0.192612,4.82932,-3.94225,0.266123,-1.03083,12.5701,2.61818,4.55649,1.10255,12.6848,1.44815,4.23987,2.04214,11.8983,-1.82454,3.02212,2.96503,
*S END
*FRAME END
*FRAME START
*TIME =0.2
*U START
-3.01162e-16,4.8176e-16,0.174607,-3.76743e-16,0.474641,-1.4325e-17,4.0704e-17,-0.112259,0.199475,-0.0934455,0.559644,-0.224471,0.0886663,0,0.193659,-0.0487504,0.0998146,-0.106694,0,-0.0501451,0.318977,0,0.326429,-0.101414,0.375179,-0.1134,
*U END
*S START
8.31728,0.552583,2.66096,0.0132182,8.03772,0.287302,2.49751,0.218492,7.83416,0.199339,2.41005,0.440719,8.7071,0.225312,2.67972,-0.0449628,8.66911,0.365432,2.71036,0.143965,8.7071,0.682869,2.81699,0.349848,8.66929,-0.285231,2.51522,0.0447748,8.87285,0.260289,2.73994,0.217358,9.15241,0.983126,3.04066,0.406894,9.83918,1.335,3.35225,-0.0819334,10.6257,1.42114,3.61405,-2.66457,10.5111,-0.595387,2.9747,-5.2639,4.82932,-0.755696,1.22209,0.628914,5.27989,-1.29764,1.19468,-0.192612,4.82932,-3.94225,0.266123,-1.03083,12.5701,2.61818,4.55649,1.10255,12.6848,1.44815,4.23987,2.04214,11.8983,-1.82454,3.02212,2.96503,
*S END
*FRAME END
*FRAME START
*TIME =0.3
*U START
-2.99597e-16,4.79256e-16,0.174607,-3.74785e-16,0.474641,-1.42506e-17,4.04924e-17,-0.112259,0.199475,-0.0934455,0.559644,-0.224471,0.0886663,0,0.193659,-0.0487504,0.0998146,-0.106694,0,-0.0501451,0.318977,0,0.326429,-0.101414,0.375179,-0.1134,
*U END
*S START
8.31728,0.552583,2.66096,0.0132182,8.03772,0.287302,2.49751,0.218492,7.83416,0.199339,2.41005,0.440719,8.7071,0.225312,2.67972,-0.0449628,8.66911,0.365432,2.71036,0.143965,8.7071,0.682869,2.81699,0.349848,8.66929,-0.285231,2.51522,0.0447748,8.87285,0.260289,2.73994,0.217358,9.15241,0.983126,3.04066,0.406894,9.83918,1.335,3.35225,-0.0819334,10.6257,1.42114,3.61405,-2.66457,10.5111,-0.595387,2.9747,-5.2639,4.82932,-0.755696,1.22209,0.628914,5.27989,-1.29764,1.19468,-0.192612,4.82932,-3.94225,0.266123,-1.03083,12.5701,2.61818,4.55649,1.10255,12.6848,1.44815,4.23987,2.04214,11.8983,-1.82454,3.02212,2.96503,
*S END
*FRAME END
*FRAME START
*TIME =0.4
*U START
-2.9803e-16,4.7675e-16,0.174607,-3.72825e-16,0.474641,-1.4176e-17,4.02807e-17,-0.112259,0.199475,-0.0934455,0.559644,-0.224471,0.0886663,0,0.193659,-0.0487504,0.0998146,-0.106694,0,-0.0501451,0.318977,0,0.326429,-0.101414,0.375179,-0.1134,
*U END
*S START
8.31728,0.552583,2.66096,0.0132182,8.03772,0.287302,2.49751,0.218492,7.83416,0.199339,2.41005,0.440719,8.7071,0.225312,2.67972,-0.0449628,8.66911,0.365432,2.71036,0.143965,8.7071,0.682869,2.81699,0.349848,8.66929,-0.285231,2.51522,0.0447748,8.87285,0.260289,2.73994,0.217358,9.15241,0.983126,3.04066,0.406894,9.83918,1.335,3.35225,-0.0819334,10.6257,1.42114,3.61405,-2.66457,10.5111,-0.595387,2.9747,-5.2639,4.82932,-0.755696,1.22209,0.628914,5.27989,-1.29764,1.19468,-0.192612,4.82932,-3.94225,0.266123,-1.03083,12.5701,2.61818,4.55649,1.10255,12.6848,1.44815,4.23987,2.04214,11.8983,-1.82454,3.02212,2.96503,
*S END
*FRAME END
*FRAME START
*TIME =0.5
*U START
-2.96613e-16,4.74483e-16,0.174607,-3.71052e-16,0.474641,-1.41086e-17,4.00891e-17,-0.112259,0.199475,-0.0934455,0.559644,-0.224471,0.0886663,0,0.193659,-0.0487504,0.0998146,-0.106694,0,-0.0501451,0.318977,0,0.326429,-0.101414,0.375179,-0.1134,
*U END
*S START
8.31728,0.552583,2.66096,0.0132182,8.03772,0.287302,2.49751,0.218492,7.83416,0.199339,2.41005,0.440719,8.7071,0.225312,2.67972,-0.0449628,8.66911,0.365432,2.71036,0.143965,8.7071,0.682869,2.81699,0.349848,8.66929,-0.285231,2.51522,0.0447748,8.87285,0.260289,2.73994,0.217358,9.15241,0.983126,3.04066,0.406894,9.83918,1.335,3.35225,-0.0819334,10.6257,1.42114,3.61405,-2.66457,10.5111,-0.595387,2.9747,-5.2639,4.82932,-0.755696,1.22209,0.628914,5.27989,-1.29764,1.19468,-0.192612,4.82932,-3.94225,0.266123,-1.03083,12.5701,2.61818,4.55649,1.10255,12.6848,1.44815,4.23987,2.04214,11.8983,-1.82454,3.02212,2.96503,
*S END
*FRAME END
*FRAME START
*TIME =0.6
*U START
-2.95432e-16,4.72594e-16,0.174607,-3.69574e-16,0.474641,-1.40525e-17,3.99295e-17,-0.112259,0.199475,-0.0934455,0.559644,-0.224471,0.0886663,0,0.193659,-0.0487504,0.0998146,-0.106694,0,-0.0501451,0.318977,0,0.326429,-0.101414,0.375179,-0.1134,
*U END
*S START
8.31728,0.552583,2.66096,0.0132182,8.03772,0.287302,2.49751,0.218492,7.83416,0.199339,2.41005,0.440719,8.7071,0.225312,2.67972,-0.0449628,8.66911,0.365432,2.71036,0.143965,8.7071,0.682869,2.81699,0.349848,8.66929,-0.285231,2.51522,0.0447748,8.87285,0.260289,2.73994,0.217358,9.15241,0.983126,3.04066,0.406894,9.83918,1.335,3.35225,-0.0819334,10.6257,1.42114,3.61405,-2.66457,10.5111,-0.595387,2.9747,-5.2639,4.82932,-0.755696,1.22209,0.628914,5.27989,-1.29764,1.19468,-0.192612,4.82932,-3.94225,0.266123,-1.03083,12.5701,2.61818,4.55649,1.10255,12.6848,1.44815,4.23987,2.04214,11.8983,-1.82454,3.02212,2.96503,
*S END
*FRAME END
*FRAME START
*TIME =0.7
*U START
-2.94415e-16,4.70967e-16,0.174607,-3.68302e-16,0.474641,-1.40041e-17,3.97921e-17,-0.112259,0.199475,-0.0934455,0.559644,-0.224471,0.0886663,0,0.193659,-0.0487504,0.0998146,-0.106694,0,-0.0501451,0.318977,0,0.326429,-0.101414,0.375179,-0.1134,
*U END
*S START
8.31728,0.552583,2.66096,0.0132182,8.03772,0.287302,2.49751,0.218492,7.83416,0.199339,2.41005,0.440719,8.7071,0.225312,2.67972,-0.0449628,8.66911,0.365432,2.71036,0.143965,8.7071,0.682869,2.81699,0.349848,8.66929,-0.285231,2.51522,0.0447748,8.87285,0.260289,2.73994,0.217358,9.15241,0.983126,3.04066,0.406894,9.83918,1.335,3.35225,-0.0819334,10.6257,1.42114,3.61405,-2.66457,10.5111,-0.595387,2.9747,-5.2639,4.82932,-0.755696,1.22209,0.628914,5.27989,-1.29764,1.19468,-0.192612,4.82932,-3.94225,0.266123,-1.03083,12.5701,2.61818,4.55649,1.10255,12.6848,1.44815,4.23987,2.04214,11.8983,-1.82454,3.02212,2.96503,
*S END
*FRAME END
*FRAME START
*TIME =0.8
*U START
-2.93374e-16,4.69302e-16,0.174607,-3.67001e-16,0.474641,-1.39546e-17,3.96514e-17,-0.112259,0.199475,-0.0934455,0.559644,-0.224471,0.0886663,0,0.193659,-0.0487504,0.0998146,-0.106694,0,-0.0501451,0.318977,0,0.326429,-0.101414,0.375179,-0.1134,
*U END
*S START
8.31728,0.552583,2.66096,0.0132182,8.03772,0.287302,2.49751,0.218492,7.83416,0.199339,2.41005,0.440719,8.7071,0.225312,2.67972,-0.0449628,8.66911,0.365432,2.71036,0.143965,8.7071,0.682869,2.81699,0.349848,8.66929,-0.285231,2.51522,0.0447748,8.87285,0.260289,2.73994,0.217358,9.15241,0.983126,3.04066,0.406894,9.83918,1.335,3.35225,-0.0819334,10.6257,1.42114,3.61405,-2.66457,10.5111,-0.595387,2.9747,-5.2639,4.82932,-0.755696,1.22209,0.628914,5.27989,-1.29764,1.19468,-0.192612,4.82932,-3.94225,0.266123,-1.03083,12.5701,2.61818,4.55649,1.10255,12.6848,1.44815,4.23987,2.04214,11.8983,-1.82454,3.02212,2.96503,
*S END
*FRAME END
*FRAME START
*TIME =0.9
*U START
-2.9243e-16,4.67792e-16,0.174607,-3.65819e-16,0.474641,-1.39097e-17,3.95238e-17,-0.112259,0.199475,-0.0934455,0.559644,-0.224471,0.0886663,0,0.193659,-0.0487504,0.0998146,-0.106694,0,-0.0501451,0.318977,0,0.326429,-0.101414,0.375179,-0.1134,
*U END
*S START
8.31728,0.552583,2.66096,0.0132182,8.03772,0.287302,2.49751,0.218492,7.83416,0.199339,2.41005,0.440719,8.7071,0.225312,2.67972,-0.0449628,8.66911,0.365432,2.71036,0.143965,8.7071,0.682869,2.81699,0.349848,8.66929,-0.285231,2.51522,0.0447748,8.87285,0.260289,2.73994,0.217358,9.15241,0.983126,3.04066,0.406894,9.83918,1.335,3.35225,-0.0819334,10.6257,1.42114,3.61405,-2.66457,10.5111,-0.595387,2.9747,-5.2639,4.82932,-0.755696,1.22209,0.628914,5.27989,-1.29764,1.19468,-0.192612,4.82932,-3.94225,0.266123,-1.03083,12.5701,2.61818,4.55649,1.10255,12.6848,1.44815,4.23987,2.04214,11.8983,-1.82454,3.02212,2.96503,
*S END
*FRAME END
*FRAME START
*TIME =1
*U START
-2.91582e-16,4.66435e-16,0.174607,-3.64759e-16,0.474641,-1.38694e-17,3.94092e-17,-0.112259,0.199475,-0.0934455,0.559644,-0.224471,0.0886663,0,0.193659,-0.0487504,0.0998146,-0.106694,0,-0.0501451,0.318977,0,0.326429,-0.101414,0.375179,-0.1134,
*U END
*S START
8.31728,0.552583,2.66096,0.0132182,8.03772,0.287302,2.49751,0.218492,7.83416,0.199339,2.41005,0.440719,8.7071,0.225312,2.67972,-0.0449628,8.66911,0.365432,2.71036,0.143965,8.7071,0.682869,2.81699,0.349848,8.66929,-0.285231,2.51522,0.0447748,8.87285,0.260289,2.73994,0.217358,9.15241,0.983126,3.04066,0.406894,9.83918,1.335,3.35225,-0.0819334,10.6257,1.42114,3.61405,-2.66457,10.5111,-0.595387,2.9747,-5.2639,4.82932,-0.755696,1.22209,0.628914,5.27989,-1.29764,1.19468,-0.192612,4.82932,-3.94225,0.266123,-1.03083,12.5701,2.61818,4.55649,1.10255,12.6848,1.44815,4.23987,2.04214,11.8983,-1.82454,3.02212,2.96503,
*S END
*FRAME END
*RESULT END
