*NODE START
0,0,
2,0,
0,2,
2,2,
1,0,
2,1,
1,2,
0,1,
*NODE END
*INTEGRATION POINTS = 9
*ELEMENT START
1,1,2,4,3,5,6,7,8,
*ELEMENT END
*RESULT START
*FRAME START
*TIME =0
*U START
0,0,0,0,0,0,0,0,0,0,0,0,0,0,0,0,
*U END
*S START
0,0,0,0,0,0,0,0,0,0,0,0,0,0,0,0,0,0,0,0,0,0,0,0,0,0,0,0,0,0,0,0,0,0,0,0,
*S END
*FRAME END
*FRAME START
*TIME =1
*U START
-1.04028e-13,-3.10862e-15,1,1.80411e-15,2.22045e-16,-0.428571,1,-0.428571,0.5,0,1,-0.214286,0.5,-0.428571,0,-0.214286,
*U END
*S START
54.9451,6.44818e-12,16.4835,4.20283e-12,54.9451,2.28795e-12,16.4835,1.48973e-12,54.9451,-1.79412e-12,16.4835,-9.34082e-14,54.9451,2.2915e-12,16.4835,1.39632e-12,54.9451,3.19744e-14,16.4835,-8.54018e-15,54.9451,-2.1565e-12,16.4835,-2.83961e-13,54.9451,7.10543e-14,16.4835,-1.35228e-12,54.9451,-2.91323e-13,16.4835,-1.44809e-12,54.9451,-5.86198e-13,16.4835,-4.3635e-13,
*S END
*FRAME END
*RESULT END
