*NODE START
0,0,
2,0,
0,2,
2,2,
1,0,
2,1,
1,2,
0,1,
*NODE END
*INTEGRATION POINTS = 9
*ELEMENT START
1,1,2,4,3,5,6,7,8,
*ELEMENT END
*RESULT START
*FRAME START
*TIME =0
*U START
4.44089e-16,2.83107e-15,0.33778,6.38378e-16,-1.66533e-16,-0.0818779,0.4148,-0.212462,0.159105,0,0.221355,-0.0993153,0.203194,-0.101915,0,-0.0396027,
*U END
*S START
15.15,2.51458,5.29936,-0.766778,16.577,2.20715,5.63525,-4.00807,16.4376,-1.75552,4.40462,-7.37812,11.1758,0.476822,3.49578,0.409783,11.959,-0.474415,3.44539,-0.300441,11.1758,-5.08089,1.82847,-1.13943,19.7156,3.80219,7.05533,1.45758,19.855,2.20715,6.61865,3.27843,18.428,-3.04313,4.61545,4.97051,
*S END
*FRAME END
*FRAME START
*TIME =1
*U START
4.43133e-16,2.82497e-15,0.33778,6.37003e-16,-1.66175e-16,-0.0818779,0.4148,-0.212462,0.159105,0,0.221355,-0.0993153,0.203194,-0.101915,0,-0.0396027,
*U END
*S START
15.15,2.51458,5.29936,-0.766778,16.577,2.20715,5.63525,-4.00807,16.4376,-1.75552,4.40462,-7.37812,11.1758,0.476822,3.49578,0.409783,11.959,-0.474415,3.44539,-0.300441,11.1758,-5.08089,1.82847,-1.13943,19.7156,3.80219,7.05533,1.45758,19.855,2.20715,6.61865,3.27843,18.428,-3.04313,4.61545,4.97051,
*S END
*FRAME END
*RESULT END
